   7.9596674e+00
   2.9848772e+00
   5.9697543e+00
   2.9849492e+00
   5.9697544e+00
   2.9848772e+00
   1.9899182e+00
   9.9495906e-01
   2.1311612e+00
   4.9814977e+00
   3.9798362e+00
   1.9899181e+00
   3.9798362e+00
   3.9798362e+00
   2.9848772e+00
   5.9697493e+00
   3.9798428e+00
   1.7804139e-05
   2.9993745e+00
   5.9697544e+00
   4.9747956e+00
   3.8820179e+00
   1.9899181e+00
   9.9496265e-01
   2.9851906e+00
   2.9848772e+00
   4.9747953e+00
   3.9798363e+00
   4.9747953e+00
   1.9916852e+00
   1.9899484e+00
   1.9899251e+00
   2.9915353e+00
   3.9798362e+00
   1.9899214e+00
   1.9899217e+00
   2.9848772e+00
   4.9747953e+00
   4.9924601e+00
   3.9798636e+00
   3.9831854e+00
   5.9697640e+00
   1.9899204e+00
   1.9899376e+00
   4.9748714e+00
   9.9495906e-01
   3.9798362e+00
   1.9899181e+00
   7.9596674e+00
   3.9798362e+00
