   2.9848781e+00
   9.9495855e+00
   4.9948540e+00
   4.9747953e+00
   7.9596728e+00
   7.9596675e+00
   3.9798362e+00
   3.9798402e+00
   2.9849474e+00
   4.9755159e+00
   5.9698028e+00
   6.9647608e+00
   5.9697524e+00
   5.1578450e+00
   6.9647129e+00
   5.9697550e+00
   2.9848778e+00
   8.9546276e+00
   5.0009025e+00
   6.9647143e+00
   5.9697543e+00
   1.0944554e+01
   8.9546657e+00
   5.9698603e+00
   5.9697544e+00
   6.9647134e+00
   9.9495906e-01
   5.6094174e+00
   6.9661156e+00
   1.9899204e+00
   3.9802499e+00
   6.9648228e+00
   4.9748020e+00
   4.9747953e+00
   6.9647084e+00
   9.9495855e+00
   1.0944540e+01
   4.9777461e+00
   4.8530881e+00
   2.9848772e+00
   9.9495855e+00
   3.9798362e+00
   3.9989794e+00
   3.9798362e+00
   3.9798362e+00
   4.2117782e+00
   6.9676261e+00
   8.9546278e+00
   2.9849052e+00
   3.9798362e+00
