   2.9848772e+00
   9.9495912e-01
   2.9889644e+00
   1.9899181e+00
   3.9798362e+00
   1.9899181e+00
   2.9848772e+00
   1.0418951e+00
   2.9848772e+00
   9.9495906e-01
   3.9798362e+00
   3.9798362e+00
   2.9848775e+00
   9.9498239e-01
   3.9798363e+00
   3.9798362e+00
   1.9908125e+00
   2.9848772e+00
   4.8205141e-01
   1.9899181e+00
   3.9798362e+00
   9.9495907e-01
   3.9798372e+00
   2.9848772e+00
   9.9495906e-01
   1.9899181e+00
   9.9495906e-01
   3.9798393e+00
   2.9848781e+00
   9.9495931e-01
   1.9899181e+00
   2.9848941e+00
   2.9848772e+00
   1.9899181e+00
   9.9495906e-01
   1.9899182e+00
   2.9848783e+00
   1.9899183e+00
   2.0071701e+00
   3.2964270e-07
   9.9495906e-01
   1.9899181e+00
   9.9495906e-01
   1.9900741e+00
   2.9852865e+00
   3.9798365e+00
   2.1063112e+00
   1.9899181e+00
   1.9899181e+00
   1.9900944e+00
