   3.3929436e+01
   1.5356690e+01
   2.6864061e+01
   2.6864017e+01
   1.5919342e+01
   2.6863875e+01
   3.6822082e+01
   2.3937580e+01
   3.1838647e+01
   1.6940482e+01
   3.7808433e+01
   1.5940651e+01
   2.8853786e+01
   4.6764979e+01
   1.6915015e+01
   2.6864080e+01
   2.2891270e+01
   3.7814212e+01
   2.2884117e+01
   2.4878952e+01
   3.3833781e+01
   3.4828312e+01
   3.4823545e+01
   2.9853326e+01
   1.9903677e+01
   3.2834219e+01
   3.0843691e+01
   2.8853773e+01
   2.2884076e+01
   2.6863878e+01
   2.9964311e+01
   1.6915559e+01
   2.5869485e+01
   1.9900034e+01
   1.3929775e+01
   2.0894131e+01
   3.3893234e+01
   2.1889088e+01
   3.3831059e+01
   1.1939499e+01
   1.6914332e+01
   1.5919441e+01
   2.1889083e+01
   3.3867910e+01
   2.3879007e+01
   4.6763784e+01
   3.3828555e+01
   2.2940588e+01
   2.4875467e+01
   5.8796317e+01
