   2.6863849e+01
   1.0944547e+01
   1.4924853e+01
   1.8904216e+01
   1.2934975e+01
   1.8904284e+01
   1.2943827e+01
   1.6914320e+01
   2.4902117e+01
   1.7909318e+01
   1.7909437e+01
   1.6080378e+01
   1.2940862e+01
   2.2884043e+01
   2.2887145e+01
   1.2936630e+01
   1.7931972e+01
   1.8904430e+01
   1.8907940e+01
   1.5919368e+01
   2.6913381e+01
   1.4979283e+01
   1.6914489e+01
   8.9546829e+00
   2.1901262e+01
   1.7909253e+01
   1.9899349e+01
   1.8904430e+01
   2.4886071e+01
   2.0894129e+01
   1.7909433e+01
   2.8914522e+01
   2.0676759e+01
   1.3947420e+01
   1.1952951e+01
   1.8906666e+01
   2.4875056e+01
   2.9850995e+01
   1.6914520e+01
   3.5818480e+01
   1.5919850e+01
   6.9691326e+00
   1.8908280e+01
   2.5896831e+01
   3.0847014e+01
   1.0965444e+01
   2.1889084e+01
   2.1889601e+01
   3.4823502e+01
   2.7858818e+01
